Pair potential 
--------------
#       a_i             delta_i
(1,  -1.00171035e+2 , 2.5648975),
(2,   1.90025394e+1 , 2.6297950),
(3,   2.15938317e+1 , 2.6946925),
(4,  -1.39759833e+1 , 2.8663175),
(5,   2.16332289e+1 , 2.9730450),
(6,  -3.29542126e+0 , 3.0797725),
(7,   1.70455674e+0 , 3.5164725),
(8,   1.41347064e+0 , 3.8464450),
(9,  -9.02958785e-1 , 4.1764175),
(10, -8.62309098e-1 , 4.7008450),
(11,  1.95964588e+0 , 4.8953000),
(12, -8.70527088e-1 , 5.0897550),
(13,  3.22342700e-2 , 5.3429525),
(14, -1.53866121e+0 , 5.4016950),
(15,  1.37095441e+0 , 5.4604375)
     
     
Density function
----------------
(1, -4.32896107e+1, 2.5)
(2,  4.64461212e+0, 3.1)
(3,  3.23329113e-1, 3.5)
(4,  5.82061842e-2, 4.9)

Embedding function parameters
-----------------------------
(1: -4.18353755e+00)  # * square root
(2: -9.63668936e-03)  # * square
